6/28/21 0 0 0 0 0 3 0 0 0 
7/20/21 0 0 0 0 0 0 0 0 0 
7/20/21 0 0 0 0 0 0 0 0 0 
7/20/21 0 0 0 0 0 0 0 0 0 
7/20/21 0 0 0 0 0 0 0 0 0 
7/20/21 0 0 0 0 0 0 0 0 0 
7/20/21 0 0 0 0 0 0 0 0 0 
7/20/21 0 0 0 0 0 0 0 0 0 
7/20/21 0 0 0 0 0 0 0 0 0 
7/20/21 0 0 0 0 0 0 0 0 0 
7/20/21 0 0 0 0 0 0 0 0 0 
7/20/21 0 0 0 0 0 0 0 0 0 
7/20/21 0 0 0 0 0 0 0 0 0 
7/20/21 0 0 0 0 0 0 0 0 0 
7/20/21 0 0 0 0 0 0 0 0 0 
7/20/21 0 0 0 0 0 0 0 0 0 
7/20/21 0 0 0 0 0 0 0 0 0 
7/20/21 0 0 0 0 0 0 0 0 0 
7/20/21 0 0 0 0 0 0 0 0 0 
7/20/21 0 0 0 0 0 0 0 0 0 
7/20/21 0 0 0 0 0 0 0 0 0 
7/20/21 0 0 0 0 0 0 0 0 0 
7/23/21 0 0 0 0 0 0 0 0 0 
7/23/21 0 0 0 0 0 0 0 0 0 
7/23/21 0 0 0 0 0 0 0 0 0 
7/23/21 0 0 0 0 0 0 0 0 0 
7/23/21 3 2 0 0 0 0 0 0 0 
7/23/21 0 0 0 0 0 0 0 0 0 
7/23/21 0 0 0 0 0 0 0 0 0 
7/26/21 0 0 0 0 0 0 0 0 0 
7/26/21 0 0 0 0 0 0 0 0 0 
7/26/21 0 0 0 0 0 0 0 0 0 
7/26/21 0 0 0 0 0 0 0 0 0 
7/28/21 0 0 0 0 0 0 0 0 0 
7/28/21 0 0 0 0 0 0 0 0 0 
7/28/21 0 0 0 0 0 0 0 0 0 
7/28/21 0 0 0 0 0 0 0 0 0 
7/28/21 0 0 0 0 0 0 0 0 0 
7/28/21 0 0 0 0 0 0 0 0 0 
7/28/21 0 0 0 0 0 0 0 0 0 
7/28/21 0 0 0 0 0 0 0 0 0 
7/28/21 0 0 0 0 0 0 0 0 0 
7/28/21 0 0 0 0 0 0 0 0 0 
7/28/21 0 0 0 0 0 0 0 0 0 
7/28/21 0 0 0 0 0 0 0 0 0 
7/28/21 0 0 0 0 0 0 0 0 0 
7/28/21 0 0 0 0 0 0 0 0 0 
7/28/21 0 0 0 0 0 0 0 0 0 
7/28/21 0 0 0 0 0 0 0 0 0 
